7465
8766
3682
8822
7156
659
2341
5400
7447
524
9011
5614
2681
809
7977
8283
3614
9194
7993
3600
8051
5835
5886
1238
9832
105
658
7233
6289
5344
6824
222
445
3924
6568
7485
7443
7217
6848
2616
6521
2281
2513
2756
7473
6842
4114
4109
3135
1004
4575
4085
7344
6373
4527
2603
5877
7859
464
5041
2326
6765
9225
5817
854
5032
9606
2506
295
2972
1333
8664
9168
6683
5871
4354
3608
9807
6472
5412
6946
6414
3928
2270
8161
1152
997
4098
7956
5910
4961
3684
2297
7150
6454
8900
3460
9502
5440
1106
5153
2204
3781
9147
9582
3520
8663
6961
1650
132
5956
7101
3343
227
8000
8516
152
2825
YorgyShmorgies
8125
9950
1491
4596
570
8688
6270
6201
4096
2605
7095
1340
2499
1419
4830
608
6218
1716
7416
309
6466
8419
7116
6121
4515
2796
7642
410
3794
9504
6401
6988
4527
2226
84
687
6721
5000
5602
2106
2727
1843
8144
5790
709
1732
6284
2456
7580
5210
9251
8854
4579
3669
9506
218
7418
1498
9597
5366
7646
8946
SeaWeedle
7812
7731
1655
4171
5168
247
8961
2710
1137
5428
1117
8689
8072
9086
5402
4374
1468
6167
7763
1139
9394
315
3581
7824
7727
5983
3577
8572
4046
8196
9209
1889
7422
7020
3900
1808
6374
6607
6177
1302
162
2757
344
8458
4109
4659
4690
4608
8862
4075
6585
6341
6680
6906
7861
9526
9232
9769
9369
2510
6795
6433
6466
4585
4787
1246
5718
8473
5372
6424
5545
8533
5143
7758
3470
3328
8413
858
5833
9120
1930
9348
4454
8645
7027
2121
786
2140
771
2473
7800
3380
D’Oh!
3689
1895
2938
4386
3585
2576
2914
1802
3767
1349
4394
5463
3207
9197
3308
1227
9521
9487
7598
6664
7210
291
4806
1825
6791
5340
7543
4271
7850
6257
5014
8152
3085
97
7469
4205
5217
5655
8098
6449
1305
8104
4499
8340
7832
2692
6632
1544
1077
1294
1378
9756
7042
226
8885
7532
9819
5249
120
7339
8775
809
3338
4934
189
7184
8628
3669
4957
6793
2747
5588
9560
2944
7181
2534
9023
2918
9568
1098
3674
5859
3682
5323
5888
3729
7871
4809
9739
7757
8466
8277
5829
5357
4966
2424
1531
7168
1896
3238
9403
6972
4984
4276
5500
4398
8554
3094
7848
4398
1622
5319
4242
4286
3245
8240
8112
9366
1666
4996
1682
1990
3826
7286
4083
4953
9391
2967
1672
3594
1385
3814
4534
4744
132
1988
6682
7764
4175
3454
7925
458
6045
6120
1422
5920
5179
4092
4537
9692
1066
3979
9771
7976
6709
1481
3562
7445
2886
281
4212
2671
521
9816
8315
2077
6053
6325
5599
28
1998
6216
2438
4904
8198
1126
9404
621
194
3490
7618
2651
9370
4401
7664
8886
5845
8173
8327
5396
9424
1736
9923
8491
9609
4910
7501
5055
6258
7469
5585
4510
8267
1496
8517
1901
2438
7873
4874
2927
8822
2975
80
9984
3366
9334
8907
77
142
2818
7761
6846
3198
779
3686
1824
1670
6686
8022
2477
9292
5846
2100
5039
7138
7814
6215
7863
4676
5293
6931
8275
2664
4802
5198
2544
2905
686
6169
2524
6364
3126
7127
6970
3585
2117
3217
9881
6692
6215
9588
3712
3967
3112
6361
9685
3299
7473
4357
6335
1046
7820
6707
4825
9732
9135
6447
2858
4393
4510
128
4016
9260
7790
35
1949
9526
650
882
4760
4886
2325
2816
5383
717
6545
3112
4215
3298
6506
3685
439
9174
4602
9900
9973
1590
6339
2687
9021
952
160
1447
5115
4749
4724
6078
6500
9909
4729
106
1300
6594
5214
5356
1153
2309
911
1635
6260
1025
3061
3910
992
7851
8384
9799
7374
8115
3983
2378
2567
8044
1638
4494
7450
2856
35
704
997
8146
5618
8058
2542
1915
5568
8963
4479
6744
3801
5930
6273
3036
3646
4546
6020
8925
6388
8525
1246
5684
7030
103
8763
3498
9007
709
1584
4721
9360
8654
3293
3850
1365
5567
3876
754
7763
3236
7050
9009
9854
3507
5995
5674
4273
2339
5098
8957
6585
5410
2727
5288
2080
1266
8490
7132
7576
6389
8012
1589
8827
5524
2621
8701
2578
3485
9250
4687
9162
7041
6504
3190
1403
6943
9269
3832
8939
3457
1405
171
7235
7478
4407
995
7775
6121
8156
9143
7108
183
104
515
5112
7596
1208
2363
3894
9260
4417
2376
6047
6560
5184
2949
8797
3509
5747
8966
4750
3757
5674
2964
7465
1073
3047
284
7870
1346
4550
2403
639
8413
4271
5036
7828
106
2163
7449
8934
4575
7542
5976
2081
5475
3622
8371
8272
7500
1055
91
6649
7731
5831
7010
6587
5289
2329
9236
8227
9165
5413
5518
8531
945
396
1763
2965
6089
5761
7375
8971
9822
3261
9055
5847
6923
3798
5860
7174
1870
1923
1159
8651
8532
584
370
1207
1247
301
18
1051
6634
2145
49
7203
1725
4686
7334
3722
1913
7215
6289
5001
7170
7562
709
4995
7748
753
3949
2401
8600
7002
5692
1179
9119
7282
345
7602
9393
6622
1392
4646
8501
5243
1591
4587
9746
3946
8130
5294
5125
1
9390
5022
7005
8063
1090
8554
9700
8797
6624
3327
1621
249
3904
5394
8160
3643
3575
953
4920
6106
622
3483
1801
1524
396
4951
9347
1655
8653
1875
9738
7551
6975
1435
2294
2762
866
219
2803
4421
7206
5710
263
7153
4618
7061
1582
1568
8878
9185
4872
2701
2950
8145
1608
713
1253
4087
5540
5680
299
7999
9529
6540
1873
5727
9403
3992
7214
6531
9354
8252
4563
8734
8235
8420
2324
6079
4393
4906
8527
731
7718
6888
947
1197
8648
2169
3891
1076
1629
5802
5801
8462
1435
2827
2071
5203
4916
590
8711
8365
3162
5892
1867
7227
7783
9422
9756
8374
8
9397
208
8126
3812
7031
1108
1826
7599
7830
4726
598
2960
354
1927
8411
2959
9126
1870
5776
297
5564
8083
325
7014
Hey
There
5390
4047
7087
895
5115
9888
7574
1164
787
8944
4761
7104
2642
7032
9216
9548
390
9707
2230
9204
217
4102
8589
8687
3322
6429
12
8150
1902
5070
441
594
5003
1904
1756
7075
5494
9231
486
8840
5321
5813
6220
9523
4638
9464
6697
4843
1938
7381
9662
9034
5617
1278
5057
96
7868
5257
9931
6591
4738
4578
9390
8124
7096
4247
8937
482
5994
5873
7487
6184
775
6481
4293
3222
9572
5384
8571
5176
8811
34
5880
8733
1972
9804
2610
9773
229
6790
5994
3603
3568
6059
3687
281
8893
5944
3878
6407
9243
6456
4172
3819
1649
2441
5587
4166
2947
8244
2125
7312
8826
7933
6630
3134
4490
9028
1104
9897
122
5975
7484
7959
9927
5642
65
3084
557
8829
5810
8027
7441
7076
422
6780
3493
5218
4065
8047
1428
8429
3283
1089
1319
4082
9760
4159
2937
5620
5446
4369
1739
1680
3767
444
1814
7222
7573
9878
6823
9371
2254
9749
8915
3771
3186
2122
4741
2966
312
5839
3534
1907
1038
7642
3952
2083
1103
1404
2310
4504
4860
4137
3925
7045
3319
3598
8025
884
8620
6179
4153
2518
2186
6373
3137
612
9172
1865
7990
9235
8664
1046
8961
9589
7461
3546
2299
4226
3543
1507
5240
3487
1957
2993
4514
6425
9084
759
3258
4368
8615
6159
1587
4793
9491
933
6810
1902
4572
9918
826
7782
4656
7256
728
1898
4263
4950
7302
1144
8358
8512
6906
6664
2153
4244
9012
345
4873
8769
2979
5408
1779
7787
2588
2052
3753
4644
3360
5244
3829
8644
2336
1983
4761
2530
300
7776
6770
7766
9781
3435
1328
5496
6233
9923
8748
8169
8523
6324
9873
6453
8754
9778
3954
2888
9067
932
6348
8797
6848
5131
1006
6500
5728
8612
7997
5605
7884
8726
4681
32
2399
6536
1653
3146
1791
7431
1182
9654
7956
8650
8131
9023
9042
7996
3148
6712
7185
1419
6473
2515
8337
3100
629
9213
3623
4484
9673
7474
3097
2614
9774
8681
6657
8446
2428
3298
9550
9713
3472
4919
2037
8988
3689
2723
7886
9258
3423
2825
544
607
4581
3143
2100
7981
3867
2070
6379
7943
8817
6152
8911
1940
3554
6975
5262
3217
1520
3138
6788
3272
4676
4047
8772
1174
92
5404
6882
1878
5569
7651
3687
4404
5752
363
9668
1083
5954
6845
1182
9641
1381
8433
9950
914
1454
5714
4200
1746
2481
9116
7353
8151
9963
2069
7238
8015
5741
5816
7208
6053
2461
8382
213
4729
3257
4467
455
3692
3146
5243
1354
8734
9321
2561
6990
722
4926
297
9518
8998
2247
9562
2131
7232
8447
9920
8073
6645
4703
2812
1509
2249
2463
2669
2669
4337
5631
7406
2938
4783
6426
4653
1269
2472
1589
7333
9189
4838
7385
9321
5713
6796
9316
5531
4114
9199
2228
3081
8928
3798
7136
824
6736
1039
5287
9100
7090
9162
1772
3734
1466
6046
7617
519
4925
3916
6052
1374
5924
5959
3479
9485
9608
9455
6065
3226
5568
7891
2968
6387
7727
8282
5917
3827
835
6030
2274
7951
9375
364
3122
3968
7188
8213
2780
9962
8540
2955
8326
6675
3798
5331
351
2612
7885
4506
1437
6603
2407
9510
1198
5544
1336
2548
41
688
7574
9793
6611
1061
2333
6433
7989
424
3090
6086
5003
3838
185
7704
4568
1610
2975
7093
3616
1021
2204
6959
376
5527
455
23
7342
6530
1159
7231
3040
4283
8793
9533
2375
9106
6933
3904
962
8350
5157
5753
9386
5234
8205
3946
7550
7943
6462
2141
9777
5619
51
424
9464
4314
9193
3397
8145
7134
7320
2943
9175
361
7990
454
9190
3691
3484
2021
295
627
9317
8862
1380
4712
6578
2809
7149
9743
9737
3140
2966
9499
3154
6347
2502
2596
9175
9281
3993
1327
3902
9533
1967
3695
1654
4458
9343
6060
4212
7610
810
9625
4019
1480
4387
530
7035
5115
6864
8146
9794
1800
3741
8003
8457
1286
1682
5442
5959
4645
2044
8610
6049
6375
6044
9769
4250
6060
5772
1629
2921
3092
3429
565
487
4965
1108
9196
7672
7673
1123
302
2539
6354
5027
9850
7548
4773
4921
4172
1096
8961
1639
6443
2920
7510
3953
206
6435
9689
2345
4785
8761
5100
4808
1334
3281
8999
9636
5485
8879
5531
2295
9393
8006
6055
6085
9238
5940
2616
8488
1267
8244
9703
6064
8214
8337
4715
7123
2537
8786
2030
9938
3183
868
8546
2316
7576
9166
4026
1020
1049
6167
3768
7444
8804
3607
4695
5691
2098
6089
6213
3869
6250
9694
5847
5324
2739
6624
7654
5912
1627
1341
4194
771
7801
6198
7703
4816
95
6675
7434
3850
3189
6315
2706
2410
7500
1725
4158
3837
2998
702
9791
8089
617
3370
9114
2528
4282
1232
6464
9270
3403
1076
3171
4729
8774
6519
9092
9420
6509
5777
3498
6521
4945
6395
3092
7578
8416
6371
8942
5289
1092
2919
702
5291
1587
2646
2166
1262
2197
6717
1868
5457
541
1004
7604
1767
1077
1895
6373
8182
349
1940
2310
2101
4009
4423
2436
769
2817
934
6551
8196
7703
9334
3869
6700
7442
1538
3125
9467
2165
8536
5698
7034
1138
9406
5219
2900
4406
6468
3585
6160
3366
1566
3453
5618
1729
6652
5693
7824
9322
5088
4760
6483
5366
8829
8359
7714
5690
483
5772
126
7905
2566
1449
2019
438
7635
8683
4741
8457
7724
9790
4296
2113
4273
3288
1713
385
6230
650
6616
8470
2626
3281
5477
1896
6937
8840
546
6797
6906
6409
9728
7471
5036
3164
7366
6280
3439
152
6613
3234
3597
8093
4896
4758
593
4344
8408
3616
1779
2178
172
1400
8751
8992
9767
6698
69
3019
4896
6366
2088
7409
8803
1456
1091
1238
9645
256
1671
4651
3673
7715
6671
2814
1285
1686
8750
9938
2837
4965
4725
6298
1937
6259
2398
3821
2590
4739
6492
2204
5278
8654
7668
8522
5184
20
4649
1197
8131
2532
5882
6302
1200
2656
56
3979
2693
8148
2499
4521
2163
7965
5239
8951
2934
4935
9602
3780
3664
474
2146
3681
5881
3864
2438
2463
3811
8236
1697
8282
539
436
6590
8808
9941
7124
4159
2909
6184
2212
5494
7433
2221
9472
6746
6415
8342
6992
5985
5100
339
269
5298
5389
6234
9001
727
7545
8441
3295
3216
8093
5809
1765
8219
667
5486
159
31
9007
6054
3296
2950
1157
2758
9720
1659
732
5167
8680
9432
940
6135
4700
5596
116
5936
5370
6195
2382
1794
785
3833
9882
402
3553
8213
7217
4843
7011
708
3836
2696
9528
7354
5356
8970
2187
9571
7587
9575
9612
6853
2067
7187
609
8010
2873
5864
6113
7438
5339
775
138
870
5800
5757
6926
5760
5579
1659
1326
3515
5863
8003
7181
2876
931
8268
5074
8773
1414
4971
7303
5276
5366
3667
979
351
3710
1376
2152
8543
6327
6804
4681
8329
5681
7522
5863
7514
5636
3957
81
6802
8164
4089
9394
4185
2186
7323
2552
7617
6149
9346
2900
2936
2772
8160
2076
1580
9176
8595
7357
1522
3012
701
7200
257
7598
9125
2074
8535
4457
362
7854
3696
4463
8503
8734
6248
5391
7848
2224
6116
3382
6042
1789
8923
8660
3804
1634
8254
9582
7969
9713
5772
7567
5528
9491
591
9585
7123
9080
1712
644
7898
8656
4479
1803
5059
5364
8185
6780
6781
1188
1225
2009
7439
2320
9799
2996
4780
4164
3972
9401
4647
7259
13
5743
1683
6302
1407
1825
166
2006
2595
1057
4660
8216
4616
6123
3151
6679
8476
8179
2216
6222
2521
5280
2289
8981
1383
4673
6958
1450
840
214
1487
6136
9607
8295
6426
9223
4996
8186
2435
4888
3888
2886
3649
1578
2384
4044
9182
2204
6660
1538
1528
699
9830
2418
2270
9047
5444
2626
8546
8892
4209
7213
7891
8744
2557
4002
3370
4717
1235
2032
9637
3400
3690
3919
5856
9970
2264
9333
8019
4714
7546
6341
6205
2140
2261
4946
2792
4914
8055
6263
3001
1912
3792
1196
1409
4152
1280
4678
8894
4086
1689
1012
6439
5995
3559
1772
9644
5334
824
5644
8669
5566
4608
175
5378
9406
557
6201
7179
8419
8452
5396
5794
1415
3778
2698
2313
8011
5500
8759
8941
5824
5430
6434
2839
890
6827
6125
5796
2946
9747
7358
1971
9763
2087
3057
5978
1274
1532
8445
9157
305
4096
6614
9629
783
5953
2322
7702
5307
6287
4277
6454
2289
5055
6732
2140
3469
8384
3706
700
7050
8871
1774
5422
6336
3865
4073
3487
8501
4949
504
8511
1253
4762
4467
8783
1231
621
1696
969
7951
5892
8391
8192
2901
2525
5433
8422
2368
1159
4016
2875
1728
2680
5601
1465
8272
7880
46
4997
2800
9290
8117
226
3709
3359
3138
314
7380
6477
5557
1878
4065
2096
151
1739
9784
5752
8841
2343
9567
9286
5540
5906
8212
3158
862
2116
5696
1507
1750
4365
6503
194
9375
1391
7380
2205
698
8405
9666
6750
3396
4554
5173
1401
5404
9524
249
7706
8666
632
8437
9314
5676
8141
2122
2698
7972
139
7813
8214
5063
261
4961
9364
4642
9657
2581
722
4761
469
4889
405
2084
5660
8816
8219
1517
9744
6509
911
2339
2897
5849
6728
8354
2952
1303
5220
3497
9783
5469
7101
7957
4173
4662
8012
6492
423
8119
515
2181
1100
5038
3133
3219
3168
351
9075
8753
7435
1697
8356
3925
5937
8584
3160
7613
2917
6690
1731
7746
9776
1204
7490
288
1337
1645
5191
838
525
1673
3268
5954
1522
1753
1777
6980
3276
5837
3503
2323
2899
1306
3227
9710
899
4002
7058
186
364
7569
3650
5930
4053
6573
4554
3542
3278
8000
9453
503
9744
5973
1272
7417
6356
5733
2442
3942
9550
6048
3406
2232
5935
2151
4460
1217
5483
852
7832
5562
2394
2432
5840
3625
3938
2643
1577
2914
4634
1310
6173
7523
1605
1125
2937
1260
3015
4149
7756
5784
8869
3871
8980
244
4677
6023
4163
206
8034
6958
251
2784
2013
6226
6828
8508
8220
3651
6376
2616
9682
9888
5207
4369
4095
8285
6451
7399
1966
6485
5303
2811
3538
3875
8301
3355
3949
7519
3670
5165
3399
4617
5359
8165
2912
9243
8135
3730
3911
4974
4958
7611
9305
1523
1322
336
2145
4095
4520
3018
3746
6418
2338
1777
3582
6520
5988
3079
7620
7992
5568
5942
3195
2137
7108
4366
5741
7773
824
8154
6147
2191
6814
9262
6393
1488
6827
5266
1788
6612
1040
5061
1963
9921
6886
2384
812
1516
7706
5617
5417
3520
7974
3540
9224
6725
8382
6573
7363
6297
4136
1170
5122
9704
583
8770
2235
3159
377
8372
7139
5646
510
9145
8451
3806
1649
7415
9075
590
6806
3706
8989
9386
4950
1128
3122
4954
5624
5007
2853
1843
4704
6527
5825
8561
7686
273
6078
8492
2078
2727
4906
7505
3425
6950
1466
5501
462
7013
9921
9496
2435
3256
3587
41
5770
8424
6997
4337
8398
6672
2256
1545
4069
3686
1115
2634
7538
8128
7568
6317
3476
796
468
6684
5779
7040
4448
6751
7903
1539
5401
2199
1919
1119
7718
2608
7419
9987
812
1797
8628
6322
7571
4565
9513
8229
5153
376
4283
5128
6287
434
9318
6013
6621
3929
9055
1664
4037
3629
2358
1212
507
9518
4116
900
5741
2234
379
2316
2304
7395
6206
5925
1028
9206
6056
3883
2019
4421
6564
6479
855
8922
9940
2731
7244
3333
5106
3989
5926
3465
5866
3366
9687
4492
383
8422
5542
9966
4344
9459
4735
4322
9561
5619
2771
4601
6492
505
5194
8256
5399
3036
5441
3154
8186
217
8011
8884
5162
3026
925
4714
7969
8690
6380
1630
9879
2382
9642
7620
4402
2220
2228
8163
509
9950
4620
5893
1136
279
4297
9312
975
7172
86
486
2868
6362
4840
3109
8145
883
8607
6886
7446
3551
8152
9896
474
2872
1182
1921
304
4214
4876
8805
8595
8195
121
367
1333
8561
5525
6181
5885
8718
9392
7479
639
836
285
848
2880
6279
6610
6731
595
2630
7964
2617
9766
1462
4005
7202
7655
3980
9183
149
4767
7410
2381
8688
5946
7690
3529
7177
7341
6192
9306
2346
9647
3724
7589
5139
9921
4184
5425
7232
6638
8103
2360
3634
5046
3420
5949
623
3661
2163
561
6110
5765
2228
5066
1269
2259
2321
1288
7982
5918
1926
5126
5477
6377
3640
3139
8934
2943
9752
8199
6695
5308
4396
6556
1350
1540
1543
4166
2257
2893
1474
6737
8902
3994
853
3932
3677
7156
2042
8678
1705
1060
5058
5081
2576
462
2359
259
1817
859
3257
10000
9438
8391
5905
9686
5548
2358
5539
4463
7157
4720
5643
4719
2287
3047
7357
5106
1666
2737
4549
917
194
9912
295
1421
5045
4105
7095
5666
8701
2845
8860
4437
2422
4490
5000
5579
6885
6355
3100
5520
4051
4979
5360
4753
8856
3638
7935
9615
4794
5950
2166
7538
3769
1050
9633
5582
2647
2384
6336
6267
2544
5516
3913
5126
7790
6751
9166
5029
2873
8851
118
1515
8545
1286
8117
9550
6206
4107
6005
3915
7241
2162
8046
6970
5412
3883
5720
7674
4757
4397
5610
2064
7394
6042
4482
8582
2139
5915
6807
6982
1678
7007
2070
7637
9466
9665
3835
478
5088
2516
8874
25
212
3298
6318
3333
4704
2978
294
6159
368
6955
9204
6262
9273
7471
9902
9502
3977
576
1908
242
5899
7844
9380
4159
5519
8272
1757
9225
4441
8578
8256
5779
6962
124
8013
7518
4442
3794
3186
8957
9415
5220
1939
7096
4264
5487
1835
9520
6351
1919
8869
1216
3078
9577
6246
1408
6498
2940
3339
165
2002
6987
5157
3397
2390
1912
6434
8236
5735
835
4855
9884
2065
4064
6613
6830
3002
288
9250
8859
255
3588
3316
3811
6330
8905
3556
5192
9468
9490
9019
8899
1715
3313
9274
8162
5885
5188
2583
2505
8817
157
7059
7003
6139
3298
218
7719
6937
7970
9311
600
5366
2331
5995
1295
8892
7238
9084
5890
5109
9547
1307
2909
301
1030
SeeSpotRun
8769
2689
9096
5170
3606
41
8999
2113
9738
8939
5196
7662
4203
1145
7108
1954
2433
8545
8706
874
6375
6866
394
1420
1620
6726
3876
4371
306
5147
3668
1668
1568
3331
437
5852
7
380
3299
6857
3112
7864
1942
8444
1645
8235
6767
7568
5442
3654
1672
2019
7118
3209
5165
4668
2053
8841
6356
9832
5069
3502
1519
6323
3227
3942
172
327
3893
7803
5141
2014
4183
2066
5464
9683
941
8787
283
6388
1652
8335
9726
8553
2815
1716
3489
7298
198
9823
9303
3689
9768
5944
1447
6854
9000
4294
83
3208
7587
4748
3698
9306
8498
9959
8475
8597
633
7106
3242
9664
1878
8204
2554
3096
7282
1918
2303
4472
3496
8960
181
1267
3340
7195
936
8800
8682
8453
8509
8902
6262
2964
306
5951
7796
7041
895
567
4480
6626
5009
5280
8842
5674
6691
7193
7791
4064
8047
7548
6843
6353
6214
7972
8914
5414
1954
8666
1029
2118
9590
1241
8035
5410
2784
1466
474
7331
2888
5209
5929
4285
1228
1011
5254
8170
5328
8238
3063
9152
7592
3216
4334
1270
236
5791
5341
8928
8229
6891
4504
1410
1809
8570
7306
5815
3748
6403
2950
7669
2796
9605
5160
4675
3976
7488
9212
2625
8899
507
717
3624
4514
8057
6636
3653
2218
5587
6423
3675
6981
9153
214
4088
3449
8427
3798
440
1044
4146
7540
1070
2966
8839
2978
3689
4204
5153
7186
6855
8206
9496
4059
4036
5859
3667
4139
8258
6518
4400
1083
7241
5505
419
5803
6307
2005
2643
3623
909
7780
976
6663
8789
5289
313
9547
4485
4856
7224
9762
4085
4666
5354
8280
6858
1541
2438
364
7027
3190
5458
7870
3216
2599
1256
2211
6396
5608
59
8234
3317
6438
5397
2878
6048
4931
9862
2496
5791
7600
1297
423
6637
2568
7153
2414
8146
5489
4788
9861
2463
4953
2373
4847
4167
7267
4799
1884
5392
9075
2119
2903
2808
5729
991
9593
1856
5235
7541
8875
8705
7362
5149
8321
8297
4216
8643
7335
7881
1022
8543
3386
3090
8176
7806
2463
189
3318
8188
2214
6206
1190
2590
187
118
6920
6658
8381
1566
1760
9223
4420
5906
6548
1965
6750
558
8895
4827
5314
6717
9929
9695
9393
7678
582
9382
9916
1152
8864
7175
3043
4757
156
2148
7072
8587
7910
5298
8187
3963
8896
2030
1747
959
281
4206
2769
9337
948
7434
7507
3260
8055
8713
8234
8459
8466
857
1219
4475
3855
4127
3463
542
7171
6688
4632
4268
3646
5892
2661
2010
8822
5314
9731
8394
5728
5003
7942
7591
9019
4376
4216
6588
5835
5642
9963
8476
5926
1990
6359
87
6542
8518
9675
9545
7435
1207
4255
5629
7944
8576
2022
7033
7420
9154
2706
7828
4157
7771
162
6400
4811
8890
6253
7342
1688
6999
8299
8948
463
463
3586
202
3022
1730
6005
9649
5519
9062
6476
8647
4666
1837
3820
3615
5256
7942
440
1756
4133
8931
9730
5295
9763
3110
4872
8375
4695
2005
361
3745
9267
2787
8106
2607
3149
7942
2465
4042
4533
7029
7025
8105
4779
871
397
7354
3139
5042
4117
1366
1436
6401
6064
1545
5333
3189
1267
1350
5299
5081
5209
4998
2790
6126
9504
2415
8143
9046
161
8711
2911
3036
3638
973
8659
9316
2392
1803
9623
8009
1645
6541
5567
1277
2849
3741
4633
3649
5437
5878
5284
1210
1332
3035
8721
6358
2209
2224
47
8799
31
8600
9949
3806
4627
1479
8501
2421
265
1366
447
8154
1328
9817
3221
6107
1176
4569
4343
2266
4773
2636
5674
999
3320
160
2186
6936
6863
1204
2441
2922
6119
947
5396
1804
3117
4956
47
2690
842
9595
3980
6631
7490
518
3716
7513
3493
4847
8321
5524
2835
3313
966
2274
1061
2613
1456
5819
514
7385
2427
6993
8634
1624
8511
7252
41
7943
805
7193
3799
2952
8455
1285
7828
558
1588
5418
4681
622
3214
5388
337
4244
1524
1458
6809
2203
698
817
8859
6009
1881
6318
9838
7011
4072
4654
3364
6730
3873
842
3720
835
3245
6225
9940
1334
5421
6705
788
4571
2320
4126
2098
2305
3402
7446
2781
4584
1978
8983
715
9157
55
7312
3429
4058
2193
9570
8720
7127
3115
6934
1310
8416
6940
4743
5302
1982
9152
5763
5904
5417
7244
1542
6257
7955
268
8507
6757
2079
5649
2984
2931
3830
4247
2131
2225
2797
9178
9057
8580
754
5076
1891
129
2620
4198
3500
6121
659
7158
5010
3861
1336
1013
8446
7078
1111
5095
2444
252
1069
5015
2153
5956
1651
5862
1098
3545
6526
4391
1354
191
3183
7896
3104
8108
8729
8019
9208
4130
9496
698
5227
1992
4696
7964
7383
6560
5843
5839
764
6319
5531
9227
3540
9889
8236
8172
4847
2098
8656
8463
5814
960
4101
2946
3625
9610
2535
2982
9466
4995
8115
8079
5694
1624
6864
9088
6622
5947
4563
5688
7996
5877
8575
5571
5455
7848
4626
9246
7007
6804
2554
6002
9536
6838
5729
5345
8861
8069
561
2884
9953
7239
1926
361
9516
3241
797
6748
5248
2984
1190
643
6216
3522
7485
4058
3384
734
8317
133
6564
880
7480
2540
5960
678
8296
4652
7246
848
6203
3858
51
4255
6853
9721
7209
2936
7742
378
5411
4038
2842
3486
2468
3312
1797
3797
8575
6058
8203
8111
2194
5601
4307
9257
3829
3638
3116
1177
7765
9137
6165
9818
2962
593
1208
3567
3064
7065
5560
8407
9641
4209
6106
4943
9629
5362
7187
8915
7093
3995
3838
3721
7871
6125
3972
7194
591
2664
9511
3992
5618
6590
5685
5125
9380
624
5028
2440
6577
288
7908
5696
2422
2092
1709
1517
9092
9106
753
1468
6176
3209
2539
1057
4574
688
710
8707
1230
3868
4408
6709
7044
950
4116
6404
2394
796
10
187
7454
1923
8314
5508
154
9347
2390
165
9417
5566
6506
5931
9116
5873
1309
5241
3948
2441
9415
8512
7191
7476
2966
9633
9525
1256
3487
1467
9845
8697
1040
1966
5843
1372
7641
7040
3247
5256
6834
5688
826
3353
4651
7932
4612
3585
9543
9149
138
7414
2662
1154
9237
1442
930
6827
7397
1000
1350
4506
5425
1019
9405
1531
6760
9054
1209
4422
6050
2892
8806
9274
4469
2948
5704
7868
2171
1779
6516
198
2522
1131
8791
2828
7051
7385
6141
1739
3896
9968
5370
8616
4990
9665
7003
7004
6950
8648
7440
4547
1428
1642
9938
7798
2708
9117
5841
6436
3716
152
7900
5721
9712
4266
7103
2298
2448
2487
2646
9766
6689
3542
389
182
5082
3777
9446
5843
741
1033
8703
1216
8637
3333
7344
3470
5063
1608
8915
2227
4469
3565
1339
7786
7039
9980
8764
2397
2514
2195
9730
3894
2632
3969
9682
8112
3924
4583
8667
4804
9965
6765
5835
7817
5326
5155
2219
6480
1033
543
924
1389
116
4397
8553
6834
765
4829
4174
3799
9865
3385
2510
4082
6213
7128
689
8900
5390
5329
695
7419
9739
6139
6953
9544
8975
6493
4860
8672
2619
104
3489
3246
4111
3062
594
6271
1296
2761
4006
5970
2947
9188
3132
1875
6059
8499
7984
5813
9903
2149
9013
5510
1360
544
7322
2406
6096
3296
6365
7089
7324
8967
4494
5236
3205
6267
8087
8023
9807
6958
7238
4674
1992
9256
7222
9488
4311
9782
589
4038
5209
9158
9423
4068
4495
7995
7588
5999
8206
5384
2990
6191
429
7848
3214
6907
1911
9771
7748
9133
7039
5849
1300
3306
6789
9091
4412
7671
8157
5200
153
6229
5826
8425
7283
4023
5894
5279
5376
2493
8312
9267
4821
900
3796
6738
6608
2270
3447
8480
5759
5562
2110
4286
4703
754
394
8648
1388
7532
6650
4595
9749
5110
3994
7028
7750
6724
5844
2080
2268
3727
873
790
1923
9176
2227
7138
8033
3212
608
6686
8086
8338
2771
686
4010
3803
9448
2895
4054
2701
198
685
6058
7561
6440
9609
7996
4940
6675
2562
1275
9120
3819
6780
5461
7752
3923
1313
8609
8892
6923
3420
8244
2357
6299
4692
2887
7585
2409
2866
1447
2925
1608
7680
8650
1295
6986
6565
3166
1431
8205
4499
2960
790
7904
6247
4301
6469
8838
7606
1741
5729
5218
7353
2937
6242
3993
2690
9813
5067
2723
2318
2439
6865
4414
2391
2383
5093
7573
547
2336
4282
5367
5504
6319
74
7305
4881
635
9224
149
3207
9211
8240
4027
4027
9029
161
3495
6871
9685
718
339
4970
7265
7076
6242
420
8658
5734
6182
5353
2975
4233
4146
6406
785
6773
8995
8823
249
2780
2276
696
3988
1720
5441
53
439
7230
9377
3000
7798
4115
3488
1949
2333
3291
9296
6159
4101
273
6197
7384
2138
1334
9391
834
6365
3739
8662
5460
1519
4974
4207
1981
7333
7221
4911
5588
2507
3821
9946
4346
6339
7811
9845
8490
4695
7912
5704
9826
117
6596
4525
4228
5089
9497
4354
3241
7306
4001
7211
4855
1981
4668
2706
8645
1981
1229
5706
7480
747
7278
2841
4282
6531
9091
7627
1011
678
4082
6440
4132
8701
3823
6797
518
5737
9056
4397
4690
3945
7191
432
1384
4599
4147
5665
8687
7323
1589
4131
6012
425
4625
2643
4988
2010
4878
984
9827
5749
8337
9818
1192
5644
9596
5958
1734
5151
7054
9033
2873
3120
9598
4976
4220
6899
8509
3353
7814
3667
252
9263
2922
3139
5984
4741
3136
3848
8936
4899
9810
828
7595
369
3140
5923
843
9119
2398
9685
6286
8519
2004
1086
3854
6928
8184
1509
7700
9327
8433
625
865
18
6766
7992
6959
1522
910
3313
5022
1229
1694
9107
5614
5260
4116
6140
7984
3928
7821
5388
5899
6282
6865
5424
2865
6777
1481
3678
1655
9505
560
8054
5860
9622
8201
4355
7300
1079
2888
9943
7576
7763
7305
4295
9661
4124
4868
4808
5040
7312
6349
8074
1711
4445
2354
6930
3729
2711
8000
1457
3672
2400
2217
7031
9181
3198
7943
2963
3854
431
1280
6236
5094
8282
7042
3950
9720
4024
2249
8148
9961
4779
4282
9834
5333
7926
6916
1127
2576
8268
6114
6794
8423
1958
3191
211
9153
3434
9453
8565
4490
7209
7493
4396
5469
9459
1218
6217
3309
2427
2071
1484
5520
1812
7043
7722
6472
8808
2592
3942
4849
8181
2548
1410
5165
2214
4811
272
6516
6921
448
5093
4708
2515
6727
8930
6373
8234
414
2391
7641
2766
757
6718
5871
7137
3522
3613
6392
9392
1140
6229
7169
3762
5828
4292
3635
4310
5040
1977
4229
360
9059
7697
1440
6490
859
879
2934
1082
6374
7845
8065
974
7629
8416
6234
2435
9239
6749
1158
9198
8858
994
2116
8741
7189
4382
378
2367
5362
5234
8348
9220
1797
7707
3766
7591
7648
5621
9229
3303
4771
6844
2798
924
6071
2346
116
9854
1515
990
6964
1032
3540
44
8563
9264
143
1335
2256
308
8809
1685
6257
5118
5698
5856
7658
1456
2285
9113
8398
1131
8772
6378
2897
9227
5535
3786
3524
4076
2043
372
9561
528
2791
2723
469
7477
2722
6843
4752
2414
678
9175
873
8494
8638
8227
4890
8422
9744
1821
4901
8067
4826
1377
4486
6189
6350
1980
6429
2711
9392
7617
5560
7637
2125
2141
9623
5264
6386
1445
8380
3014
4262
576
9177
3674
4788
4759
9384
3457
4926
8615
562
5693
9981
5316
3183
6750
4897
3536
7205
4696
785
8621
5654
3986
1051
5457
3008
2450
824
6120
5491
8342
6797
8262
3541
6852
5856
1078
7124
8405
3718
6311
6385
9930
7162
4350
9866
8490
8421
1424
73
901
9562
6195
5189
995
7286
7243
9693
5489
3697
3246
1520
8088
445
8773
5351
3902
2680
102
3101
4354
484
8195
637
4957
3281
5694
6589
9353
8152
6586
9623
3249
9139
1531
5409
2914
1082
641
4413
158
6773
7191
3261
2936
6247
7136
9127
9221
1827
9054
74
6557
8292
5090
3883
353
7844
6254
5323
7402
8708
8928
3011
901
4170
8433
6741
6613
3145
5896
8381
5087
6111
8818
3760
4084
198
8211
9974
7287
3120
6786
3880
3289
8763
1054
3361
2788
1755
4363
8792
6734
8934
1980
2792
9906
1257
2620
7610
1937
1518
6094
9070
9592
6719
3038
3968
589
3992
6829
5865
2826
4074
4948
7144
6078
5941
1355
7355
2711
5101
3787
2940
4509
5549
2735
2224
6854
8476
5730
3659
704
3121
8096
1152
4178
3161
6289
7605
9766
264
4362
3313
1003
8151
36
8854
7140
5239
2110
1206
2884
700
3847
8037
3656
6338
4513
2588
1067
3688
4304
7547
7587
2086
7220
750
4519
4979
5130
1500
3366
6093
2251
3142
9061
3022
4960
163
1949
3998
9461
6149
9288
6596
8042
3091
1033
7282
5262
9347
8113
3754
3486
4794
3650
899
5207
2206
9894
5121
3311
8949
2919
1594
7713
3183
3691
3241
2216
9610
4384
6574
3117
8745
67
7269
604
9607
7781
5949
7314
1720
8741
9728
4120
3255
7448
9471
7495
1684
7667
5422
7938
162
3358
6908
5185
3532
4626
8455
9458
505
6134
4673
1640
2246
1582
5916
2600
1293
9108
264
446
8549
2914
6204
9278
9584
8279
6891
4152
4544
4573
4735
1498
2803
4196
1544
4859
2849
5511
4280
4635
5401
7207
5442
8553
26
4590
9803
6244
8646
7222
7385
8950
6411
2910
4390
6207
7790
5277
2090
7288
8310
5692
550
2081
3737
9544
1857
4892
5136
3056
5413
6450
3878
343
2944
3774
7815
5284
6600
8474
5304
1346
6658
160
6389
8624
767
5996
6249
6773
2196
675
6425
5078
8033
7846
8653
373
3456
6778
8959
7667
6848
449
9443
3719
2160
9127
3059
1191
5575
9170
877
6234
549
989
7027
3905
2920
4180
8267
2341
7356
3377
8455
8710
6818
6418
198
6770
2233
2762
680
3216
9360
8880
571
1273
7474
182
3833
7037
7369
6541
6021
9789
2504
1350
1924
6830
375
4118
8557
4232
5306
6227
4119
363
7043
5917
9083
2575
7190
9494
509
8886
2873
1696
8094
1075
7385
4017
1629
3167
8231
5101
7774
7503
4616
2230
1803
9307
4260
1373
2486
885
5532
4467
7623
4702
2727
7427
4141
7123
1030
1551
2389
3168
6925
6000
4573
5805
966
810
5511
2088
9910
1426
2368
3804
9932
3344
2762
5604
6304
8465
5623
9004
9082
4321
3580
1490
1174
2205
9548
121
167
6116
7851
7416
7402
4757
5751
3156
4919
875
4022
5439
3082
6255
7295
4549
3132
4889
4873
852
3547
5774
6624
4852
2212
5010
1984
5509
5710
6464
7351
623
2200
796
34
5151
5067
5302
7751
1488
7569
7098
2302
1930
1181
1861
841
2488
3368
9704
2532
212
2847
1329
3545
1429
6083
3233
5606
3242
2928
6465
6285
5398
2814
2732
1856
7842
5231
8525
8551
8562
4020
3141
3794
4636
8176
9353
6380
492
8306
7165
4806
2889
8453
4753
7025
4299
1578
1311
1221
272
6919
4571
6782
8553
5037
2333
5502
9098
5912
1846
2387
8898
6738
3700
151
7147
3174
486
7629
4704
4451
9363
4890
8741
2523
1686
3246
7951
7698
3311
8688
8700
9079
1535
8276
8860
7327
4430
4373
3092
48
2963
9945
1835
1467
5999
473
4930
7450
5640
2696
7717
327
785
6884
7966
726
6046
1073
5975
5389
5483
7573
3108
4940
7242
402
4420
8085
3186
9710
4647
8875
3487
7811
8293
8501
903
2878
1381
8309
7670
3550
6680
2849
778
7809
2717
8621
7893
3195
2976
4158
2277
6893
7973
7448
6303
8078
7986
485
4822
8887
1195
9566
993
7911
1549
7535
2134
6918
5741
3660
388
4458
5886
6598
3521
978
1887
9679
2970
5612
4902
4841
2518
1327
2155
1800
7994
2797
2110
1278
1576
4753
455
6581
6445
3176
4139
6612
337
9823
3852
568
8391
4501
1773
9497
4563
822
9241
9793
6759
460
7097
455
3990
98
9970
2266
91
7180
6479
7836
3998
8968
7630
8157
2512
802
4223
2792
4845
3715
1573
3439
3130
9771
4927
7454
4207
3597
9528
9015
6393
7867
8673
2644
1335
9168
6299
793
6661
8032
7337
3688
6819
6538
3153
1774
7916
4750
3548
7890
9869
3670
1289
5454
6946
7763
6863
5279
2833
5512
3404
1059
5729
3469
2296
7107
6655
6579
1252
5414
5402
707
8573
9373
9754
1791
6904
474
1077
9123
5320
2120
3606
1794
9978
7780
8594
7000
4160
4341
114
1964
3373
6558
5866
1948
5550
651
5063
3365
865
3071
6298
6379
5691
1693
8569
3696
7326
3937
6057
1497
2247
5122
7214
1458
125
8830
6140
3434
3782
3263
3941
6200
7209
7493
7220
1708
4611
9918
9267
2849
2496
2578
7658
7556
5304
3090
4693
9523
8260
1323
2645
4444
4666
3762
5448
4158
6515
4347
2137
9783
4449
7399
3909
423
6239
7966
8858
8829
5301
6648
1241
4232
5623
8507
3149
4441
8585
1842
23
3308
2166
7118
1097
1950
8344
1992
2652
9613
1113
1468
8818
6520
4495
7326
588
3893
8007
3456
2387
1733
9200
3919
2285
2724
3469
5932
4919
4342
867
903
7595
4509
6860
9271
3325
8906
4079
5266
1434
3027
5979
1731
9498
7343
5565
9913
4704
4427
9424
9681
7128
8373
1276
5041
7214
8470
2998
2913
1845
3591
6442
8333
3595
6443
7120
6119
886
2746
3696
3686
1725
9726
9733
8911
5178
2344
5530
8488
4452
7593
6613
516
4495
3366
150
9638
7782
2374
470
4275
1652
3780
7872
1332
425
9087
199
3283
2059
5105
9591
9348
8060
5056
1075
7716
5609
5078
394
4641
445
3001
5480
4602
8855
6075
8823
4725
6067
5215
1656
4810
6304
6868
2461
2096
6732
8463
2094
9729
9290
4798
5237
8396
5300
2516
3575
2145
9959
7413
2315
1190
2167
5116
5184
8169
1228
920
6954
692
6503
452
2159
5508
8399
6940
4766
4725
8669
3459
558
9191
9942
7190
6021
2173
5122
7201
4170
4753
6757
6581
5264
5957
5344
9089
4388
4054
7887
3059
9178
2652
9086
9710
7751
1739
8692
2900
4967
3946
5671
6127
1191
5204
9833
9655
8417
354
8031
6934
3233
9919
3736
7130
958
547
9554
1557
5545
646
8957
1248
428
515
5034
6318
6921
4508
1823
7815
4904
4240
837
4835
5368
7429
8259
9234
3587
3618
2548
7423
5269
9196
7386
6662
8804
8501
4838
8402
6808
1100
6209
9353
7730
5742
5962
8692
5018
3785
7946
5177
8508
7200
696
8129
2179
7529
4931
6788
7731
451
141
9937
44
2914
9569
5494
5331
8992
798
8790
3571
4889
633
765
5299
6641
9330
3222
8012
5226
4380
2666
8115
6130
4538
1880
3506
6910
5923
3967
2191
7600
7810
6076
3398
2633
2346
1602
1232
2975
6400
8150
1926
7532
6175
9940
6519
542
1460
4915
7413
4219
8294
8394
4558
807
5859
8403
1401
5754
9472
4967
5355
3255
3554
8418
2793
9569
1248
4168
5864
5843
6718
4101
3011
1090
9663
6234
7699
2022
7399
1485
4097
4305
8579
6641
5743
5498
7935
2370
6590
2860
347
2787
8507
9824
4499
8799
9118
8483
4252
9913
5105
708
4498
2803
3071
3693
2946
9880
7679
2986
5751
5361
1055
902
8685
1860
3679
6873
2617
8428
8878
7085
1482
9968
6544
2353
929
6177
160
8745
1150
9455
2216
9717
3881
7642
145
1710
6314
8279
9004
9459
7880
6530
3070
7593
191
3287
5541
2231
7411
3504
804
1132
980
1844
8834
8430
6948
9471
3668
5885
7008
1375
5041
7382
573
4752
3108
1540
3044
1542
6562
2121
7705
5922
9655
8023
6869
6365
1384
2240
9864
3071
4794
1488
9176
3887
1035
897
7628
2912
9214
1090
7974
4786
468
3502
1255
8166
3359
8750
968
6249
8993
5228
8769
1828
1766
5220
3780
2312
3270
9411
7013
8080
6623
1169
4094
782
6027
6031
6170
5948
6326
4105
2689
2409
7173
428
8715
2282
9874
4299
7916
7950
7468
3316
1006
9423
6823
1982
6308
1823
6349
9156
6620
6747
7301
3356
549
3596
9389
2558
4625
2397
2441
4749
8823
5795
2763
9218
492
5664
1563
868
6967
5911
6872
5608
4073
551
7872
9755
8309
3278
8288
4520
3215
8104
2370
5450
3425
1627
2754
1543
6392
9960
6666
6294
9884
5979
7460
2928
9627
5221
2546
7479
2109
5242
212
6526
9418
3547
4859
8310
3719
9794
8190
6662
3634
4313
269
1495
8673
5620
1550
9281
2931
3056
1979
6272
5179
2456
3116
7492
5742
4775
4757
8548
6902
2643
1924
6647
2236
8977
4220
2289
9917
624
6191
5082
4121
5622
8725
3018
6978
3646
2539
7980
1265
2284
7593
6571
3088
7974
8512
4614
986
6759
5483
556
4467
4378
8563
8968
3807
1209
2432
2791
4229
4525
5261
5891
12
4902
7075
3521
4088
2318
5056
1627
1558
8065
5370
4203
4108
4166
2145
3071
5762
4628
5268
7257
9436
1627
3515
2239
5902
1656
3097
4247
7846
5564
8888
5445
2450
1372
348
4115
3470
8737
9103
4097
6470
243
1841
7786
4540
2841
3329
2531
3921
4925
4845
9424
7493
6449
4988
2564
4442
4551
3390
4383
3971
6939
9202
2974
6766
3913
7639
8397
7479
8900
8576
4131
6246
4805
6675
234
6296
1577
9695
302
2519
2235
9557
8748
8918
6055
2604
5543
5008
8950
340
6583
1928
266
6624
1177
6269
5137
5929
8512
321
4556
3958
4654
6806
4847
1801
8240
6654
7364
7772
8592
1961
2991
3235
7533
1648
3546
9545
8694
2857
2805
7058
7294
6124
9054
3083
7471
7654
7521
8039
3954
4979
3981
1179
7151
7380
6904
6617
7833
3832
7048
7117
2133
2372
1335
897
3186
5307
172
7365
6755
1625
6955
4966
6830
9528
8561
5338
2535
7802
5853
7086
5776
7714
3964
220
3094
9475
9939
977
4229
6925
4032
6952
3850
4972
696
1396
501
824
4308
2507
2566
9986
1213
6836
6926
8664
7379
9878
2926
5867
4670
2232
6772
9570
5619
3983
8194
4949
4003
849
3159
3223
8339
1946
3803
6679
9098
5633
8864
5714
5605
2395
4074
8819
7488
9139
2234
3516
7314
6473
1877
8247
7856
8810
9042
1302
5254
9598
4708
5153
1006
7551
6058
9071
5857
7355
7297
688
5508
9690
784
2541
2270
6404
768
689
589
4910
4306
3147
9234
6332
7323
5258
5739
5054
303
5443
6725
4328
4791
1297
6533
749
7743
6751
8654
8565
950
1837
8973
6278
2210
4771
3931
8530
6215
4219
2653
1791
5889
1841
6011
4776
7990
7259
1555
4903
6494
7277
2896
2737
8352
8447
5154
9145
5760
4948
3648
9417
3190
3674
6950
5622
8108
3560
70
4846
5787
4740
3917
5837
1030
1935
8136
8388
4247
600
5586
2166
9049
6526
6776
3090
7300
4530
2470
2384
9683
3934
6054
6778
7338
7760
9950
7073
7142
9426
7118
2018
2997
8844
6763
916
5685
2244
3650
5807
4425
6815
5177
6324
5285
5574
6799
2995
4518
8696
3344
9724
5938
1358
9560
8036
8983
8740
8469
4004
5271
342
5056
6412
4288
3829
2123
5348
5666
1738
8529
9924
386
4117
8920
6951
5788
6774
4118
6654
5746
2657
5031
9354
2924
5156
1443
1835
5223
4118
3768
6676
1725
5574
1648
2430
7764
7761
437
6508
3823
3987
3442
8989
136
9936
6989
260
7724
271
4333
6608
6241
9232
9364
4789
2056
9814
9413
6492
4148
3477
9622
2986
8094
6171
6768
9326
5375
4479
4033
5683
8327
4180
9105
1233
6175
985
2969
7105
392
7623
8422
7951
661
8390
1548
8240
7176
423
7875
916
7263
59
4474
6294
5684
2295
1
3201
9813
3609
4984
8275
4794
6962
8896
8972
7922
2958
3780
4357
9772
234
7331
9170
2890
8249
637
8069
8647
1590
5107
7551
5128
2754
4221
5946
8693
991
6427
3762
8485
3406
1419
3838
5946
3676
8336
9070
3208
4823
3050
1062
1812
6218
9276
6719
3645
6198
9560
5242
4198
2483
2957
3918
2611
7268
3099
7678
2203
878
5204
560
2702
780
6033
1056
6739
8850
4235
7952
7296
960
1552
2842
1269
3180
1904
6852
3091
5796
367
7074
5849
4299
7390
271
4457
8990
8793
7434
4999
6252
6744
1161
3981
2782
3383
14
2510
6665
5877
2533
6049
1741
2084
9183
2814
4863
1493
5849
5552
6748
136
6405
7340
6337
1842
6370
9439
3420
4247
3063
9084
3463
3834
4331
724
9332
4823
7415
6355
7492
5008
5574
7724
9187
5479
5277
4172
8016
7844
7583
9692
107
3565
3281
9457
8536
1935
8415
1535
7517
6120
1258
380
695
8310
7530
9609
6859
1491
4057
469
8719
5827
2163
1584
9104
9211
3775
3133
2167
8248
5816
2004
3335
9791
4911
4060
9572
916
5620
5203
284
378
4311
7739
5118
8173
5279
8565
6499
170
3912
751
5375
8144
1086
6560
6228
5823
943
7006
3268
9379
7733
2533
5614
9166
5067
1883
2654
5862
9540
1216
6203
9458
7916
5073
4142
4573
1493
8139
8276
5132
3184
5832
9574
934
3928
2941
290
3993
4895
3198
2938
1296
5267
8381
5664
5637
5387
8542
2755
1123
3744
7161
8945
6034
473
2468
317
5224
2551
1692
2006
9704
5899
5734
6722
4099
6353
4342
3259
5649
8333
5944
2279
2803
3984
8187
9168
3271
8343
3462
6516
8511
1163
1164
3061
7047
4212
6999
1177
8056
3142
3883
4872
1103
762
991
2351
1591
3578
8111
9214
2309
1472
5656
537
5981
550
3629
5482
5256
6495
6808
6594
611
8257
6297
2805
2421
1365
8092
3791
3139
832
3517
9800
4921
4171
5847
2087
8084
135
8938
6513
5316
3709
6195
4419
7110
4772
3875
2035
5758
3442
8697
57
2510
7134
3237
7564
5778
6905
6684
9395
1543
8513
6629
668
271
5655
5051
8650
824
7246
1234
1829
5658
6364
8289
9324
5147
9935
1681
9499
3907
9373
3758
835
5149
3456
4918
4374
2634
1786
7764
829
8205
440
1669
9934
6819
5549
7423
1939
535
2835
1167
7988
5110
1798
9708
6113
5469
5592
8979
3201
8562
6606
9652
4311
9356
7364
7981
9972
9990
9429
1142
5855
9628
6112
9511
6226
6600
5449
4449
9353
778
8068
6194
8081
7496
3658
3559
2008
3774
6216
6488
1207
1674
2350
1985
2920
6644
5476
4605
5815
8253
8446
4969
5504
7748
4112
9560
886
4868
8635
3908
2455
357
3465
6183
8707
452
2495
3760
2039
1801
7246
697
8331
7213
6580
2075
4724
2504
4331
5036
9718
1556
2746
2554
1739
6004
9505
6014
4675
5518
7708
3539
5593
5268
3457
6127
1330
8818
4134
6745
4750
6914
8635
759
3086
6556
9575
4958
3421
1622
2314
4698
166
1499
9036
3936
1025
6520
3846
6400
5889
4466
8750
2019
4513
860
3315
3687
8719
5805
672
4926
9593
5221
6357
4946
9042
7623
5983
8421
2062
4288
5223
6719
2570
1348
1879
5724
1597
9800
9935
1491
9688
6883
6482
7992
5742
1230
3017
3707
7389
6634
3880
547
5731
3999
9970
1072
7769
1363
6785
5890
220
181
2421
7141
415
849
8611
5808
8315
9438
9120
7176
3462
2008
4849
7589
4843
1332
2874
8199
6353
9530
3567
6084
4950
1878
9447
2982
9017
1656
6789
9363
576
4155
8595
235
2090
3299
780
3066
5611
9954
3444
9483
9677
1496
3077
6421
1417
9658
5056
5304
6109
2486
9830
3717
8333
6563
6548
5665
5915
5200
6873
3823
1067
7635
5862
2143
3765
9402
3910
8803
2660
5900
8510
8667
9856
7420
6653
953
8356
808
810
931
6852
857
867
7608
5565
1186
4450
9970
7769
8370
2350
7829
4139
8709
867
5492
9369
3432
480
8838
1855
6672
1387
9724
3771
1744
8538
9325
2545
4567
2715
6710
3763
3577
7969
862
8289
3969
206
353
7756
1094
5177
3042
7290
6663
9534
8360
2539
4354
149
4846
5650
9884
1480
7467
723
870
294
5928
704
4437
2166
6069
4871
4174
306
8963
8074
6692
8681
5206
7236
1196
3532
8860
5621
886
1187
5442
975
9662
8674
7127
6568
8170
2849
7991
590
6954
9957
8059
7150
548
9455
5624
38
9187
3733
9202
10000
8933
1249
6206
986
5792
5663
4705
645
1321
6834
8108
5043
2616
224
5103
9961
5083
5204
9372
7822
7103
6797
7882
3357
992
2607
1928
9837
2452
3570
6182
6373
1564
5610
9848
9670
1552
8095
2101
8288
5691
5948
7897
2267
165
1800
2649
3183
1258
9792
2906
2770
4723
8744
2502
1703
2685
5821
4257
5038
852
6796
5985
789
7184
1765
567
5431
9349
7392
6278
9972
1616
2506
2059
1927
5567
5295
11
6094
1182
9105
6726
4977
5063
2500
5480
5481
5822
9061
6250
6335
2086
6830
350
1859
1785
2156
5164
1744
535
8175
9727
1079
7513
9845
1628
569
492
6072
6156
917
682
3266
6183
2333
6761
3358
3508
3607
9531
1048
917
6192
5506
2765
2346
6516
7930
8831
6739
4666
4552
614
866
2309
9449
8952
9412
3695
5634
9030
7063
7833
9365
6716
4788
5859
9071
4258
9933
2886
8254
788
2485
9763
6360
315
5790
3656
6910
1694
7398
5742
2191
1297
809
1260
3322
4578
3920
2186
3462
6753
2499
4523
3723
820
36
5017
6899
6585
3344
7352
6141
5585
8085
230
7082
2529
3882
4360
183
9108
9938
6468
8901
5665
925
3977
91
1567
366
470
5723
5093
4588
5817
3114
4449
8782
6082
6210
646
4045
7348
4932
224
5590
5795
5009
6489
7944
5021
5989
2263
8070
7037
3882
6368
2438
4360
5309
7594
4761
9084
1931
276
7760
9428
5603
3274
8038
3985
8716
5884
3108
2796
7375
8951
7626
7123
3597
7626
5162
2708
9957
6472
9298
1271
4045
9231
1114
2543
2588
9396
7785
2461
461
2057
7462
8856
2686
2858
5032
5677
9072
6305
2482
3568
6298
4174
1345
7295
3662
197
7307
7387
8235
3388
2747
1409
2396
1660
3718
3464
8109
5427
3372
4320
299
7360
5437
1190
4511
5510
5955
1732
1351
5705
4185
2668
2100
8191
7187
8903
5784
4079
8012
4272
483
8708
5961
4821
8183
3336
525
9640
6457
9384
5048
867
4769
3672
495
5523
291
2241
872
3389
8996
6387
1748
5743
3879
2349
2690
4040
9049
2048
3508
3863
397
4574
3179
7616
1340
2296
7452
4265
6925
5366
1929
18
3531
1375
2481
6901
9716
9649
7390
1135
7236
8902
8712
2670
8966
2793
7577
9127
5297
9268
5658
9679
489
6092
6941
907
2091
236
845
1359
7852
3289
5904
613
4317
4406
8766
4888
6990
6773
3928
4682
3925
6673
8795
4140
6620
9493
8724
2423
6218
825
1057
297
7083
4716
9132
8376
4597
1774
8499
4519
9828
1079
8608
6495
3553
5774
6211
5750
7109
3432
3228
4314
3876
444
3825
4071
9728
3590
1702
9644
9535
5822
6060
8277
1495
32
4286
6036
1979
5
2319
4869
5308
9919
7258
7759
4454
5431
1509
4346
5429
4256
5471
3659
1819
3696
2972
4666
7826
4712
259
6317
4130
8863
6813
8384
8464
8112
2205
302
9382
7495
5509
243
9022
5214
4723
8368
2807
7295
8758
3339
8319
711
8226
3549
4444
49
5073
2072
1309
9735
6617
9446
6487
6777
5449
4530
7530
8436
553
8122
7846
8979
2272
8204
5449
6945
8783
2575
5674
4521
2942
7667
6895
8009
3994
4192
8655
9651
4427
7700
3234
9206
977
2983
6229
2647
4643
3709
6558
47
756
8534
1081
4341
2625
7615
8656
6204
8197
3786
3492
2806
1272
6465
7596
62
9477
9083
7511
9777
3945
9357
862
9767
669
3421
6465
9243
4606
4432
5355
8828
7421
258
9825
9514
6085
6629
6723
5067
847
1236
227
5647
7737
9920
8624
2970
4418
9625
2886
7647
7177
4552
1599
9831
9512
4689
4837
4043
1633
1012
931
1782
3179
3327
214
5326
6142
4267
4628
4474
631
9566
1719
9357
790
5473
3573
9529
3402
3338
2561
9169
8709
6940
3516
6836
8749
6074
3405
8558
5719
1055
9204
4950
8929
2411
7777
8197
8335
7983
4442
8036
1699
7321
6100
2170
1302
6741
1244
2313
8940
1786
8154
7144
9319
949
2425
9081
4568
7679
2639
964
5224
7731
1197
6841
752
2586
8257
5516
3108
5862
604
3340
8464
2686
8452
3406
1986
8663
3292
1500
2951
5062
911
4051
7799
3078
7746
9661
6324
6461
9484
8919
1241
5349
8476
7972
1481
4904
4303
886
7100
4286
5455
5137
3951
4192
3922
1893
3976
7144
4133
1733
1535
5189
2508
7521
9965
129
6997
1510
240
9325
3607
3969
1549
2077
7889
9693
3528
6523
6937
5003
3157
7539
57
4214
2420
1865
5630
4071
7582
8789
5749
110
1046
7631
986
1595
2613
3988
9068
4760
2680
3239
5220
5895
1590
9943
6409
3757
1255
7641
4750
6228
1418
8945
6184
1702
7237
5417
7427
1667
5738
4193
9117
8060
3077
5095
599
8266
4998
1042
2215
9996
7034
3861
8414
7340
6490
6292
1634
5419
8673
6179
9105
8863
7201
1297
3179
4269
6873
3116
7758
546
5496
1967
3579
5099
9098
9635
2791
1321
8113
5658
3940
9002
8451
2556
4737
9475
1439
1225
4077
4137
1076
1990
2152
311
8875
7870
6970
9402
5619
8935
4672
2082
9075
5948
3357
9056
7429
307
2477
4965
8838
8847
5429
9829
5943
4832
9000
6010
6503
619
4405
1447
1185
3170
275
7448
6693
4198
3365
6998
7689
1288
1057
2135
3457
5260
715
5715
2726
5936
4938
8754
1683
2419
3786
4663
7856
3739
2838
5374
4624
3424
6111
5333
9872
1873
1643
2668
3517
9583
8950
2819
2654
7761
8986
331
4693
7988
4733
1527
7983
7366
1115
3611
6362
7553
9361
2947
4024
1329
8573
6839
1639
9482
8405
9068
6584
26
5679
6104
5553
4789
4773
774
1691
7374
2165
5991
4192
5327
8397
9847
4269
9388
3852
8805
2903
7304
6715
3818
4809
8785
6014
1882
9838
7474
438
1496
8843
383
4558
3193
6990
363
589
4060
7368
4226
6098
1806
9308
8578
2572
7911
9505
1961
1915
8796
7101
3840
3593
4713
6557
1443
8498
3174
6768
4963
5276
7710
1753
1368
1420
4764
9196
5761
9045
133
3108
722
3852
5869
388
5122
1516
4802
3360
243
9407
1522
3896
6723
8693
1218
3854
2714
6399
3236
4700
7015
8264
7482
7391
3019
7065
6010
6577
3159
1667
4470
2332
5989
598
6281
834
7038
3236
7345
4841
6951
1772
2866
2596
9711
3173
296
254
8755
3511
8424
5667
6112
9626
5024
2541
3901
7843
2817
4310
9436
3963
2479
9947
707
8740
3864
4579
5574
6422
8182
3882
7128
7725
4419
9420
648
7016
2763
1241
8232
1742
6441
4511
1072
809
6091
9725
3648
3465
2165
7897
3323
2721
2409
6361
1871
6139
8223
4875
2304
7581
3423
9557
4101
1846
560
314
3710
5320
1147
488
9415
5153
7922
3108
7971
2183
3089
8564
102
28
6925
8804
1414
9203
4533
6827
7746
4911
6967
7996
1426
6655
5224
8967
1508
4290
7542
2019
5979
979
7938
5358
3808
8111
3640
9921
7803
3809
8951
6244
4518
1881
4169
2640
21
8037
2045
6929
618
2864
70
2034
9009
4173
3367
5871
3547
2776
678
2341
8024
8391
4006
2030
6924
1176
9953
8188
9514
6175
3431
7478
3021
436
6810
6229
7444
8457
7724
3962
2301
3123
1041
8373
9631
3377
4265
8496
4006
1524
5276
6276
8187
3076
3445
9369
1294
8382
8448
894
8438
1567
5285
8108
7688
6758
8972
5445
4066
5396
3640
4504
5735
7065
2690
3955
6879
635
1679
4541
5315
1257
665
161
1247
9649
1124
1143
5031
4806
1959
7683
4283
6646
6500
6857
6620
6989
5207
1431
1745
8669
7298
3581
943
5191
4010
651
665
4088
6252
86
5853
2699
9934
7088
2363
6037
8859
3116
9767
8328
6128
5797
6888
3181
7338
2926
6675
5483
7410
2869
4267
5611
9108
9479
741
3470
100
3432
8317
4121
2291
7077
9695
9495
4052
4123
1671
2249
4154
3989
9668
313
2687
1163
5279
1759
9688
2110
7088
7698
2336
1506
8696
764
5370
3818
8978
3402
7651
301
4972
1442
9159
2353
5328
9121
1567
6436
2679
9995
3244
3324
9562
6039
9959
9457
2695
2506
5622
2043
3848
7150
6832
3148
7308
1434
8704
6756
4983
5039
8506
6866
2535
8205
6084
3497
1645
3779
500
1982
6864
4099
3709
9325
2588
3594
9821
2224
5549
6741
129
5987
7780
5113
1785
622
1433
4456
9251
4504
4134
3207
223
9379
3360
7646
4601
1550
4651
3373
1259
3342
3811
8641
5468
1453
7193
2345
6769
1544
6307
3459
7807
8898
1373
8387
2878
5220
4851
8702
8465
7560
5807
7034
3807
690
8038
4384
6932
4080
3127
2208
892
842
890
7732
2838
314
1809
7992
6147
1608
4609
1527
7872
482
9916
5537
9582
9619
6126
581
731
98
2255
2566
6355
5150
4459
8642
5481
6723
7763
8705
783
1424
3210
6503
2761
1441
2754
5802
3366
9050
1680
5081
3685
1226
4079
2723
3815
6178
3395
7148
9848
5103
4819
1539
8938
4505
5323
48
9707
2210
9274
7238
6576
2380
8838
8074
9583
7199
1592
2204
1513
780
1451
499
704
2768
9995
1618
4566
1866
6584
7110
290
6359
8960
5480
7990
100
5827
2862
8500
8133
2850
5755
308
6522
2893
9347
9800
5495
1037
5502
5103
5799
7134
1119
1992
1164
1350
102
2722
7217
8227
2514
4541
2763
2969
3727
8538
2933
4756
7550
2893
4614
7850
1442
6470
3356
7645
2661
9014
5960
4017
8119
9577
3598
4217
1569
5212
8501
1031
5935
6424
7370
3649
4862
8967
1541
2801
1854
3314
9944
8779
5464
4019
5379
8542
3625
9981
6977
31
891
5147
9018
6777
9535
8697
5143
3512
5446
7379
2805
9448
3314
7323
9506
2569
7395
5792
8665
6050
8158
672
2847
3202
2552
4934
276
2439
4546
5104
8896
4346
1635
2494
1115
9057
8401
9157
1257
924
9980
7164
9283
8603
2963
9681
4500
8328
690
7704
3710
7657
6992
9976
1085
5200
9390
6376
962
7948
1914
2693
850
1925
8376
6374
5085
4058
383
2384
8866
1900
5156
172
5161
4349
7384
7836
7848
6783
2225
3427
2523
7492
6445
5918
2691
7944
7518
622
1914
3814
6568
8885
3549
6784
3668
6112
8435
552
8822
2934
5504
2021
7076
4331
7115
9632
1139
1329
5640
1736
4964
6547
9650
2392
4952
22
5957
3500
3765
4785
2360
1207
3431
9581
2772
276
1889
6656
8062
7575
9791
8119
9421
7472
4384
4484
6863
6949
9751
1938
117
7719
646
9428
4072
7680
7397
1416
2814
1791
9259
5081
9630
4767
2661
4778
8658
3976
2471
2627
5055
6640
3706
2422
4586
9069
2430
8715
596
1829
6716
9266
56
8841
3081
9709
7206
9326
6113
7707
420
1073
3531
2114
4267
2098
9328
4107
3538
5733
4769
7012
1792
9298
8864
7912
53
3071
2376
8017
1906
1631
8248
2747
203
5994
186
365
7869
2656
3068
6169
8927
7461
4447
5055
3674
7359
3232
2998
5261
2045
1126
3568
1595
7592
7063
3518
7340
1458
8224
6015
4863
4764
8221
710
5786
2319
1610
5630
2552
7217
1294
2539
9118
4572
760
9497
5840
1015
9647
5277
7868
3803
7822
6221
3760
6821
3622
5366
3118
8181
8277
6931
7900
4424
5910
543
4829
7187
8935
7432
5208
1603
5764
7022
3305
3301
2760
3051
6579
7646
5809
4636
1546
1036
2087
4207
7019
9684
5238
1485
2206
3682
1150
6449
6025
1361
4175
637
6381
342
4958
5033
1276
9822
7031
4614
8589
8615
8787
6539
7812
2001
7840
5508
692
7354
3921
131
2888
9944
8022
330
7645
8623
7830
8667
1436
8246
1445
4757
9784
7667
4506
5486
6114
3098
1632
7391
5109
9217
6206
4472
3950
842
3934
4276
9293
4564
7711
1708
3195
2368
2192
1106
9992
5641
7966
6430
4240
4701
4264
5985
3868
9478
3188
9833
8415
2731
2221
3320
7858
8632
7309
5899
2476
5351
1392
988
5210
6388
7822
2184
2699
4870
4954
4196
8308
1692
5174
7861
7791
344
6708
3455
4073
127
7648
3805
2389
1345
4783
3483
8101
4157
8086
4142
5640
1951
6454
9258
3248
0
1063
3427
2898
8587
4367
5476
164
2850
7610
527
1354
4130
4536